0.0065814998723436186
0.006583781799519522
0.006181497171027233
0.006346078854442517
0.006200619767767905
0.006530680894313206
0.006167768421077241
0.006217076054370742
0.006661495861727054
0.006018890286014941
0.0061026805953722455
0.006745525081502618
0.006517875399505634
0.006280607722005111
0.006421207000581866
0.006354164854067831
0.006293452175643188
0.005830296577049273
0.006497713557427298
0.006690268977188736
0.0062163468965825515
0.006267906291092261
0.007003624804707743
0.0068803363530481765
0.006198341349939908
0.006893823910468359
0.006210568890009932
0.00661298674962246
0.006060081635092486
0.00602525890791606
0.006466898100618704
0.006823203060952172
0.005882856932694812
0.005794273325851102
0.005898947297467452
0.006260720425322426
0.005683301164583231
0.00575474405690328
0.006247393443764992
0.005799687933318043
0.006585096844996842
0.006349149078298616
0.005947102683638952
0.006663877250406745
0.006469779478189931
0.005807191485048423
0.00626323909582188
0.006295855012384726
0.0058311840718509676
0.005910131668704299
0.006448369819021224
0.006440586326490111
0.006570550464147134
0.006500436284338877
0.006514317593509791
0.005806605440785064
0.006153694970610116
0.006195137159746966
0.006403931497819741
0.006447034126940372
0.005908659440253226
0.0062443457264969
0.0069736287140405
0.006483837395389042
0.006324219977999851
0.006151374797789171
0.006616969356227233
0.006310012615134236
0.0059970539048315435
0.00574728668131656
0.006488260764716933
0.00647854051594369
0.006543809070932183
0.006205746714775903
0.006319026828021576
0.006237355429858824
0.006403107805065295
0.006075874488955519
0.006534739912931612
0.00633403754941597
0.006293537794729426
0.005930425039112711
0.005989783918002332
0.006879595438041572
0.006816841501496121
0.006423008627957231
0.00632440878705932
0.00612845432667594
0.006567615076531537
0.006362014826360231
0.006429762787916016
0.0068829594266200805
0.006276071012023226
0.006808141156339249
0.007037120083680638
0.0061582750415978245
0.006593471436877572
0.006502257953490008
0.0063441063621804804
