0.1305612746793408
0.07732208241852678
0.06637264086673042
0.054265719737609096
0.04804867783674637
0.04210470541205409
0.03834166226555661
0.034449236073054015
0.02918591068667667
0.027443629617701075
0.02515316507083134
0.023692321611400516
0.02093051582154976
0.020185976019013476
0.018881674563167267
0.017768020141139717
0.016774848427997265
0.01516369639090307
0.015792778115848307
0.014769917334889809
0.014209179000686065
0.013581297337249975
0.01259657976692485
0.013396145161551378
0.012451644259106234
0.01273342847800343
0.011818213180517059
0.010910375817161
0.01162074797919747
0.010667793193623517
0.010496469396370677
0.01049705205892221
0.010539080613081127
0.010382798047469706
0.01061147177150501
0.010311836555999581
0.009406973917982316
0.009675242456981373
0.009911650490125013
0.009969230954924049
0.009424139154926339
0.00963447186320448
0.009397098522141576
0.00960541892613944
0.008800784138549896
0.008975526865961373
0.009563423320991188
0.009044173538592899
0.008611455470654734
0.008493976208648887
0.009140346231091645
0.008690929005560146
0.008852072050125235
0.008398755570228927
0.00875372485046121
0.008032366948492322
0.008503134319036317
0.008705622519524784
0.008030558630262866
0.00822940068071665
0.008736782773410192
0.00779653800851868
0.008003576496453906
0.007746239149952136
0.008353391714547237
0.008738414094152169
0.008464472641285713
0.00814721866001691
0.007656156882514619
0.008044778015548744
0.007846696259877125
0.007975491096399483
0.00753257109298402
0.00801125572780618
0.007836246958141455
0.007224779026527706
0.0074702350687036335
0.007337293381622592
0.007066731859067489
0.0075559012179478215
0.006963970273391282
0.00782357248078002
0.007658548872670888
0.007858536944566487
0.0074136720696222624
0.007721971225982467
0.0072476468977568115
0.0073620020422087195
0.007593368715187236
0.007396747618150958
0.007586074823185461
0.006981367645725392
0.007408716668468589
0.007273710124707537
0.007195718424890274
0.007321267121771431
0.006943078611889505
0.0075176966449474
0.0076201303826914975
