0.07263664894320508
0.028630381754281252
0.019789934790485235
0.014700602442865729
0.011807348239412232
0.010217620080103382
0.008930257542763448
0.009451594949263755
0.00829901818935727
0.008724540493770142
0.007990502473746539
0.007217944778185367
0.007614424954602425
0.007749659279318822
0.006970516225343325
0.007186342692042958
0.006368361110283796
0.006970568523153559
0.006554032353957696
0.0065387301960549826
0.00617313795110847
0.0068101190666921465
0.006519993154052009
0.007169113907988052
0.0070681755417004635
0.005925785698795219
0.005966305152996799
0.006440962922158525
0.006316660783689594
0.006230722502902337
0.006386877166608532
0.0060369233447468305
0.005952724448335495
0.006324558598830157
0.006336501092448145
0.006544258190898848
0.00632585663731543
0.006713023256480885
0.0062876099254369645
0.006529667554834554
0.00584364697275453
0.005794293117754061
0.005865087608342827
0.006093477226411092
0.005606898476531096
0.006298701323058988
0.006291428542620045
0.006214706751818623
0.0064451831856112765
0.006074536194348635
0.005798593998204929
0.006241830569796298
0.006322024692486392
0.006076296201244011
0.006270391750976767
0.006101585294739033
0.006422064851329732
0.005985932807414903
0.0058875667929799685
0.0059966847637504496
0.0059962435636924175
0.005923472915975609
0.0054847754907487905
0.006063730657976639
0.0054299925453292494
0.0057062860038687244
0.005587038941956118
0.005782622791459275
0.006497322132310221
0.006309743910223445
0.005773579391225976
0.006075689498503566
0.00596261369970595
0.005777565644083053
0.005362283354916819
0.0056834025227449295
0.005831356748352597
0.005958092322104711
0.005707902323193265
0.005380588162641514
0.0056578780075304605
0.005498508746319249
0.005370211431295046
0.0058094349119305515
0.0059254149521373745
0.005751077183022743
0.005467886969524215
0.00572872788336433
0.005849564674141117
0.0054852710714353384
0.006075363311336249
0.005398663612496821
0.005937192003241171
0.005903805533094801
0.0054331108515235284
0.005420491717376191
0.005814704742329383
0.006024094343500968
0.00563930125829623
